1.594
1.6113
1.6087
1.6042
1.6135
1.6078
1.6076
1.6002
1.6048
1.6056
1.6112
1.6131
1.6082
1.617
1.6213
1.6224
1.6333
1.6368
1.6394
1.6478
1.6552
1.6463
1.6442
1.6497
1.6405
1.6383
1.6319
1.626
1.6192
1.6162
1.6197
1.6155
1.5974
1.5912
1.5961
1.5932
1.579
1.5875
1.5741
1.5836
1.5789
1.5724
1.5787
1.5837
1.603
1.6017
1.6033
1.6019
1.6071
1.6125
1.5997
1.5836
1.5701
1.5667
1.565
1.5666
1.5624
1.5749
1.5754
1.5743
1.5645
1.574
1.5827
1.5781
1.5675
1.573
1.5611
1.5545
1.5541
1.5635
1.5721
1.5705
1.5732
1.5707
1.5805
1.5707
1.5711
1.5624
1.578
1.586
1.5938
1.5915
1.5885
1.5948
1.5985
1.6111
1.6038
1.606
1.6157
1.5967
1.602
1.6053
1.6109
1.6103
1.6181
1.622
1.6215
1.6328
1.6413
1.6338
1.6337
1.6354
1.6385
1.6396
1.6394
1.6543
1.6364
1.6376
1.6291
1.6307
1.6607
1.6623
1.6454
1.6519
1.6657
1.6686
1.6724
1.6772
1.6853
1.6792
1.6785
1.6642
1.668
1.6633
1.6722
1.6615
1.6495
1.6546
1.6625
1.666
1.6691
1.6663
1.6482
1.6354
1.6372
1.6346
1.6307
1.612
1.5912
1.5965
1.5972
1.5906
1.6009
1.5963
1.6073
1.6167
1.6215
1.6252
1.6237
1.6161
1.6108
1.6114
1.6116
1.6155
1.6095
1.6182
1.6031
1.6086
1.6025
1.608
1.6021
1.5962
1.5908
1.5875
1.5942
1.5787
1.575
1.5713
1.5684
1.572
1.5779
1.5777
1.5707
1.5674
1.5707
1.5824
1.5883
1.5829
1.5906
1.5921
1.5954
1.603
1.6011
1.5873
1.6095
1.6173
1.6372
1.6498
1.6511
1.6593
1.6592
1.6592
1.6669
1.6618
1.6686
1.6707
1.6638
1.6695
1.6624
1.6627
1.6661
1.6637
1.6665
1.6717
1.6675
1.6729
1.6786
1.6708
1.6748
1.6913
1.6951
1.6953
1.6946
1.6967
1.6979
1.6954
1.6957
1.6761
1.6805
1.6743
1.6679
1.6762
1.6707
1.6653
1.6738
1.6872
1.688
1.692
1.7043
1.6973
1.7045
1.7045
1.6967
1.6988
1.7124
1.7138
1.7222
1.7202
1.7299
1.7283
1.7221
1.7296
1.7334
1.7465
1.743
1.7457
1.7459
1.7474
1.7553
1.7663
1.7738
1.7652
1.7629
1.7631
1.7752
1.7733
1.7711
1.7732
1.7774
1.7858
1.783
1.7935
1.8067
1.8217
1.8179
1.8336
1.8477
1.8458
1.8473
1.8328
1.8227
1.7986
1.7833
1.8207
1.8325
1.8445
1.8261
1.8149
1.8278
1.8186
1.8164
1.8238
1.8196
1.8392
1.8315
1.834
1.8477
1.8609
1.868
1.891
1.8927
1.8853
1.8906
1.9048
1.889
1.8944
1.8615
1.8677
1.8914
1.8707
1.862
1.8685
1.8694
1.8394
1.8302
1.8237
1.8461
1.8512
1.8265
1.8027
1.8116
1.8036
1.8054
1.8125
1.8168
1.8353
1.8335
1.8469
1.8505
1.826
1.807
1.8158
1.8192
1.827
1.8462
1.8573
1.8295
1.821
1.8438
1.84
1.8342
1.8344
1.8394
1.8192
1.7912
1.7924
1.7981
1.8087
1.786
1.7748
1.776
1.7714
1.7869
1.7922
1.7713
1.7734
1.7781
1.7728
1.7967
1.7936
1.7963
1.7866
1.777
1.7559
1.7727
1.7623
1.7608
1.7696
1.7678
1.7833
1.7774
1.7873
1.7894
1.8129
1.814
1.8383
1.833
1.8323
1.8396
1.8346
1.8406
1.8405
1.8415
1.8362
1.8301
1.8431
1.8194
1.8117
1.8325
1.8275
1.835
1.8382
1.8316
1.8207
1.8164
1.825
1.8268
1.8302
1.8073
1.8204
1.8196
1.8306
1.8293
1.8418
1.8559
1.8495
1.8594
1.8622
1.8571
1.8561
1.853
1.8731
1.8676
1.8529
1.8412
1.8436
1.8317
1.8408
1.8215
1.825
1.817
1.8199
1.8272
1.8268
1.8254
1.8239
1.8411
1.8412
1.8272
1.8298
1.8224
1.8431
1.8403
1.8283
1.8239
1.8327
1.8201
1.8085
1.7924
1.7966
1.7965
1.7904
1.795
1.8024
1.793
1.7906
1.7766
1.78
1.7732
1.7861
1.786
1.7966
1.7968
1.7978
1.777
1.7931
1.7932
1.7861
1.7966
1.7934
1.7963
1.8058
1.8092
1.8131
1.7993
1.812
1.7984
1.7841
1.7824
1.7795
1.7822
1.795
1.7985
1.7919
1.7942
1.7969
1.8042
1.7982
1.8037
1.8182
1.8275
1.8281
1.8412
1.8347
1.8281
1.8299
1.8373
1.8342
1.8411
1.8493
1.8444
1.8552
1.8566
1.8576
1.8461
1.8415
1.8564
1.8471
1.8529
1.8594
1.8501
1.8574
1.8604
1.8689
1.8814
1.893
1.8941
1.8936
1.9095
1.9345
1.9242
1.9439
1.9386
1.9451
1.9349
1.9255
1.9148
1.9253
1.9279
1.9421
1.9318
1.9418
1.9468
1.928
1.9169
1.9236
1.9235
1.9337
1.9281
1.9184
1.9255
1.9182
1.9044
1.8825
1.8829
1.8754
1.8712
1.8753
1.8782
1.8909
1.8825
1.8705
1.8596
1.8665
1.8711
1.872
1.8771
1.8808
1.8642
1.8822
1.8896
1.8881
1.8829
1.884
1.8859
1.8822
1.8758
1.8575
1.8548
1.8583
1.8687
1.8686
1.8867
1.8972
1.8854
1.8953
1.8943
1.8974
1.9118
1.9086
1.9096
1.9194
1.9211
1.9213
1.9139
1.9068
1.9227
1.9145
1.9292
1.9254
1.9226
1.9265
1.9137
1.9131
1.9263
1.9252
1.922
1.8966
1.8861
1.869
1.869
1.871
1.8667
1.874
1.8784
1.8905
1.8823
1.8755
1.8813
1.8808
1.8697
1.8856
1.8909
1.8922
1.8944
1.8815
1.8927
1.9038
1.9183
1.9194
1.9085
1.9145
1.9111
1.9059
1.9058
1.9059
1.9088
1.895
1.8925
1.9025
1.9068
1.8903
1.884
1.8827
1.8729
1.8653
1.8506
1.8385
1.8337
1.8403
1.8376
1.8271
1.8304
1.8274
1.8316
1.82
1.8243
1.8236
1.8171
1.8094
1.8153
1.8154
1.8244
1.8352
1.8232
1.8205
1.8126
1.8068
1.806
1.8227
1.8225
1.8309
1.8242
1.8296
1.8219
1.8154
1.8245
1.8287
1.8146
1.8065
1.7915
1.7675
1.7597
1.7566
1.7541
1.7448
1.7382
1.7579
1.778
1.7647
1.7566
1.752
1.7487
1.7404
1.7377
1.7517
1.7389
1.7459
1.7376
1.7446
1.7561
1.7579
1.7681
1.7709
1.7778
1.7806
1.7793
1.7847
1.7874
1.795
1.8109
1.8147
1.8116
1.8113
1.806
1.7953
1.795
1.8001
1.8017
1.8011
1.8033
1.8002
1.7965
1.7866
1.8041
1.8343
1.8418
1.8444
1.8427
1.8366
1.8357
1.8391
1.8197
1.8224
1.8239
1.8061
1.8082
1.8022
1.7984
1.8098
1.7905
1.7755
1.7793
1.7664
1.7679
1.7612
1.7643
1.755
1.7589
1.7624
1.7789
1.7617
1.7564
1.7464
1.7517
1.7568
1.7684
1.7542
1.7511
1.7654
1.7745
1.7685
1.7691
1.7845
1.7747
1.7834
1.7739
1.77
1.7652
1.7767
1.7708
1.7497
1.7441
1.7444
1.7434
1.7412
1.7424
1.7369
1.7354
1.7166
1.7193
1.7179
1.7155
1.7224
1.7239
1.7228
1.7142
1.7296
1.718
1.7293
1.7315
1.7328
1.7421
1.7407
1.7354
1.753
1.7548
1.7762
1.7702
1.7731
1.7653
1.7728
1.7628
1.7546
1.7449
1.7372
1.7334
1.7328
1.7272
1.7168
1.7249
1.723
1.7199
1.7462
1.7587
1.7559
1.7706
1.7655
1.7649
1.7644
1.7602
1.777
1.7685
1.7678
1.7638
1.7597
1.7708
1.7875
1.7848
1.7839
1.7793
1.7674
1.7687
1.7793
1.7746
1.7806
1.763
1.7477
1.7447
1.7417
1.7414
1.7443
1.7409
1.7363
1.741
1.7394
1.7421
1.7437
1.7458
1.7439
1.7512
1.7456
1.7401
1.7536
1.7501
1.7534
1.7557
1.7505
1.7359
1.7389
1.7356
1.726
1.7329
1.7462
1.7481
1.7574
1.7565
1.7562
1.7478
1.7473
1.7349
1.7424
1.7464
1.743
1.7345
1.7459
1.7372
1.7392
1.7552
1.7538
1.7533
1.7422
1.7427
1.7491
1.7493
1.7526
1.751
1.7692
1.7833
1.7928
1.7788
1.7822
1.7882
1.7883
1.7847
1.8016
1.8259
1.8262
1.8396
1.8421
1.8514
1.8594
1.8591
1.8667
1.8638
1.8826
1.8946
1.8794
1.8879
1.8828
1.8935
1.8797
1.8873
1.8801
1.8687
1.8731
1.8593
1.8597
1.8838
1.8698
1.8657
1.8819
1.8724
1.8602
1.8545
1.8424
1.8405
1.8424
1.8328
1.8422
1.8495
1.8507
1.8416
1.8419
1.8453
1.828
1.8173
1.8237
1.8213
1.8186
1.8282
1.8483
1.8424
1.8464
1.8344
1.8372
1.8506
1.8405
1.8464
1.8347
1.8439
1.8386
1.8184
1.8261
1.8418
1.8487
1.8583
1.8513
1.8392
1.8544
1.8572
1.8636
1.8677
1.8762
1.8771
1.8877
1.9079
1.9073
1.9076
1.9046
1.8933
1.8898
1.8877
1.8938
1.8953
1.8851
1.8813
1.8942
1.8885
1.8935
1.8869
1.8871
1.8928
1.8982
1.9044
1.9047
1.9051
1.907
1.8946
1.8844
1.8765
1.8652
1.8657
1.8747
1.876
1.8867
1.8814
1.8802
1.8823
1.8884
1.9021
1.9002
1.8997
1.8943
1.8892
1.877
1.8721
1.8868
1.8878
1.8862
1.8793
1.8703
1.867
1.8543
1.8535
1.8591
1.8557
1.8617
1.8707
1.868
1.8778
1.8834
1.8737
1.8726
1.8772
1.8906
1.8989
1.9013
1.9074
1.9087
1.9086
1.9012
1.8977
1.9061
1.9054
1.9051
1.9106
1.901
1.8955
1.8889
1.8885
1.8945
1.8977
1.899
1.9146
1.9155
1.9322
1.9382
1.9516
1.9465
1.9659
1.9813
1.9816
1.9732
1.9663
1.963
1.9548
1.9583
1.9712
1.9669
1.9603
1.9523
1.9477
1.9696
1.9645
1.9616
1.9581
1.959
1.9537
1.9563
1.9631
1.9588
1.9592
1.9736
1.9514
1.9428
1.9292
1.9378
1.9397
1.9321
1.9452
1.9592
1.9646
1.9614
1.9698
1.9743
1.9738
1.9762
1.9813
1.9696
1.9641
1.9593
1.961
1.9628
1.9655
1.9668
1.966
1.9603
1.9711
1.9707
1.9589
1.9491
1.9472
1.9469
1.9628
1.9511
1.9496
1.9514
1.9553
1.954
1.9564
1.9634
1.9636
1.9621
1.9639
1.9584
1.9435
1.9205
1.9317
1.933
1.9283
1.932
1.9325
1.929
1.9361
1.9374
1.9424
1.9442
1.9614
1.9678
1.9648
1.9614
1.9694
1.9657
1.9616
1.9619
1.9678
1.9778
1.9741
1.9762
1.9708
1.9655
1.9626
1.9728
1.9748
1.9793
1.9863
1.9897
2.0069
2.0087
2.0034
2.0023
2.0009
2.0018
2.0014
1.9913
1.9977
1.9995
1.9987
1.9898
1.9867
1.9922
1.9929
1.9894
1.9936
1.9801
1.9814
1.9793
1.9859
1.9769
1.9747
1.9747
1.9715
1.9746
1.9866
1.9847
1.9836
1.9836
1.9811
1.9758
1.9798
1.9824
1.9915
1.9934
1.9925
1.9781
1.9701
1.9691
1.9743
1.9732
1.9693
1.9761
1.9834
1.9888
1.9931
1.9926
1.9994
1.9978
1.9989
1.9993
2.0028
2.0087
2.0171
2.0158
2.0164
2.0116
2.0108
2.0153
2.028
2.0324
2.0303
2.0343
2.0361
2.0467
2.0528
2.0489
2.0561
2.0593
2.0626
2.0537
2.0491
2.0242
2.0247
2.0313
2.0325
2.0373
2.041
2.0313
2.0213
2.0372
2.0234
2.0233
2.0125
1.9969
1.9887
1.9828
1.9812
1.9878
1.9819
1.9928
2.0059
2.0143
2.0122
2.002
2.0177
2.0118
2.0171
2.0183
2.0131
2.0196
2.0238
2.0287
2.0277
2.0333
2.0291
2.0252
2.0074
1.9947
2.0131
2.0008
2.0077
2.0203
2.0223
2.0186
2.0159
2.0276
2.0473
2.0435
2.0418
2.0322
2.0387
2.0422
2.0359
2.0376
2.0425
2.0317
2.0361
2.043
2.0329
2.0403
2.0445
2.0518
2.0331
2.0511
2.0499
2.0512
2.0523
2.0624
2.0677
2.0798
2.0801
2.0893
2.0806
2.0877
2.1035
2.1075
2.0903
2.053
2.0709
2.0523
2.0452
2.0547
2.0503
2.0667
2.0654
2.062
2.0628
2.0711
2.0687
2.0823
2.0613
2.0563
2.0659
2.0593
2.0266
2.028
2.0304
2.0461
2.0343
2.0469
2.0414
2.0173
2.0205
2.0145
1.9978
1.9839
1.9834
1.9774
1.9783
1.9838
1.9961
1.9964
1.985
1.9864
1.9808
1.971
1.974
1.9704
1.9732
1.9585
1.9615
1.9566
1.9559
1.9627
1.9636
1.9715
1.9554
1.9434
1.9606
1.9553
1.9765
1.9831
1.9843
1.9894
1.9863
1.9872
1.9651
1.9734
1.9649
1.9615
1.9424
1.9459
1.9509
1.9599
1.9629
1.969
1.9612
1.9526
1.9485
1.9418
1.9628
1.9669
1.9673
1.9871
1.9818
1.9887
1.9891
1.9836
1.9864
1.992
2.0092
2.0134
2.0093
2.0064
2.027
2.0335
2.0202
1.999
2.0064
1.9843
1.985
1.9818
1.9855
2.0059
2.0088
2.0073
1.9944
1.9837
1.9759
1.9874
1.9968
1.9933
1.9883
1.9697
1.9758
1.9707
1.9691
1.9784
1.9626
1.9723
1.9912
1.9979
1.9804
1.9954
1.9804
1.974
1.9858
1.9914
1.9697
1.9869
1.9748
1.9717
1.972
1.9738
1.9539
1.9541
1.9539
1.9578
1.9455
1.9459
1.9472
1.9571
1.9489
1.9683
1.9732
1.9804
1.9798
1.9821
1.9763
1.9813
1.9766
1.9823
1.9671
1.9634
1.9557
1.9585
1.9708
1.9751
1.9544
1.9632
1.9464
1.9476
1.9632
1.9568
1.9599
1.9723
1.9761
1.9655
1.9709
1.9751
1.989
1.995
1.9923
1.9949
1.993
1.9833
1.9823
1.9762
1.9695
1.9832
1.9779
1.9888
1.9951
2.0059
1.9991
2.0038
1.9989
2.0033
1.9917
1.9995
1.9869
1.9916
1.9939
1.9788
1.9817
1.9841
1.975
1.9624
1.9547
1.9477
1.9439
1.9212
1.9108
1.8968
1.8704
1.8698
1.8662
1.8651
1.867
1.8621
1.8782
1.8527
1.8532
1.84
1.8356
1.8296
1.8211
1.8014
1.7839
1.7768
1.7685
1.7661
1.7581
1.7607
1.7531
1.758
1.7942
1.8007
1.7835
1.8173
1.8181
1.8318
1.8544
1.8522
1.8465
1.8372
1.8445
1.8086
1.7805
1.7697
1.7639
1.7714
1.7441
1.7455
1.7306
1.7097
1.7043
1.7341
1.7395
1.7269
1.7304
1.7281
1.7152
1.6706
1.6267
1.623
1.5897
1.5552
1.5901
1.6373
1.6451
1.6076
1.5819
1.5956
1.591
1.5628
1.5643
1.5604
1.5384
1.4964
1.4841
1.474
1.4989
1.4958
1.4952
1.4727
1.4925
1.5183
1.5472
1.5326
1.5406
1.5377
1.4884
1.492
1.4784
1.468
1.4685
1.4915
1.475
1.4785
1.5036
1.4944
1.5306
1.5581
1.5536
1.5015
1.492
1.4825
1.4724
1.4731
1.474
1.458
1.4392
1.4409
1.4593
1.4678
1.4548
1.47
1.4917
1.5095
1.5216
1.5164
1.4822
1.4501
1.4612
1.4632
1.4733
1.442
1.3928
1.3955
1.3877
1.3804
1.3993
1.4129
1.4247
1.4301
1.454
1.4264
1.4458
1.4468
1.461
1.4787
1.4898
1.4542
1.4397
1.4269
1.4355
1.4298
1.4238
1.4211
1.4294
1.4433
1.4487
1.4481
1.4201
1.4317
1.4318
1.4055
1.405
1.4194
1.4118
1.4094
1.3776
1.3753
1.3874
1.3939
1.4002
1.4064
1.4037
1.4275
1.4506
1.4465
1.4572
1.4681
1.4552
1.4453
1.432
1.4266
1.4323
1.4468
1.4725
1.4836
1.477
1.4731
1.4716
1.468
1.4673
1.4854
1.4895
1.4997
1.4925
1.4797
1.4539
1.4673
1.4492
1.4722
1.4678
1.4645
1.4633
1.4772
1.479
1.4921
1.5018
1.509
1.5136
1.5018
1.5234
1.5117
1.5271
1.5157
1.5238
1.518
1.5348
1.5477
1.5755
1.5844
1.5934
1.5908
1.5926
1.5955
1.5945
1.619
1.6443
1.658
1.6317
1.6175
1.5981
1.6051
1.6305
1.6359
1.6591
1.6443
1.632
1.6411
1.6401
1.6332
1.6494
1.6348
1.6455
1.6407
1.6368
1.6525
1.6567
1.6458
1.6478
1.6394
1.6333
1.6286
1.6139
1.6072
1.6335
1.6211
1.6227
1.6309
1.6424
1.6438
1.6336
1.6548
1.6459
1.6493
1.6479
1.6426
1.6488
1.6429
1.6379
1.6493
1.6713
1.6928
1.6939
1.6989
1.6783
1.6684
1.6481
1.6478
1.6482
1.6583
1.6543
1.6348
1.6561
1.6529
1.6507
1.6508
1.6417
1.6349
1.6249
1.6284
1.627
1.6288
1.616
1.6273
1.6319
1.6392
1.6349
1.649
1.6548
1.6651
1.6657
1.6583
1.6489
1.6493
1.6453
1.6271
1.6217
1.6359
1.6341
1.6059
1.5951
1.5882
1.5961
1.5982
1.5955
1.5946
1.5935
1.5922
1.5969
1.6072
1.5844
1.5799
1.5925
1.598
1.6268
1.6356
1.6421
1.6382
1.6608
1.6624
1.6306
1.6336
1.6367
1.6373
1.6548
1.6453
1.6408
1.6436
1.6554
1.6583
1.6612
1.6759
1.6744
1.6574
1.6577
1.6676
1.6818
1.6812
1.6749
1.6667
1.6503
1.6605
1.6587
1.6705
1.6532
1.6501
1.644
1.6611
1.6629
1.654
1.6474
1.6447
1.6287
1.6261
1.6279
1.6262
1.6311
1.6267
1.6334
1.6154
1.6161
1.6036
1.5965
1.5957
1.5965
1.5966
1.6001
1.5904
1.6078
1.617
1.6151
1.6085
1.5992
1.6019
1.5933
1.6023
1.6115
1.6164
1.628
1.6335
1.6264
1.6343
1.6362
1.6292
1.6195
1.6113
1.6245
1.6143
1.6169
1.6137
1.5986
1.5958
1.5973
1.5892
1.5754
1.5641
1.5586
1.5719
1.5595
1.5705
1.5701
1.566
1.5792
1.5672
1.5529
1.5473
1.5481
1.5426
1.5408
1.5265
1.5238
1.4991
1.4971
1.51
1.5032
1.5137
1.5066
1.4997
1.4978
1.5062
1.5204
1.5057
1.5243
1.5326
1.5244
1.5013
1.51
1.5048
1.4868
1.4813
1.4898
1.4988
1.5069
1.5184
1.5292
1.5209
1.5296
1.5267
1.5241
1.528
1.537
1.5368
1.5381
1.5466
1.5496
1.5363
1.5338
1.5359
1.5411
1.5378
1.5377
1.5458
1.5265
1.5209
1.532
1.5274
1.5248
1.5143
1.5102
1.4833
1.4804
1.4847
1.4956
1.4824
1.4613
1.4536
1.4475
1.4334
1.4444
1.4366
1.446
1.4425
1.4409
1.4387
1.4582
1.4458
1.4538
1.4651
1.4652
1.4614
1.4454
1.4468
1.4468
1.4528
1.4715
1.4552
1.4742
1.4804
1.4731
1.4824
1.4824
1.4757
1.4816
1.4957
1.4936
1.5063
1.5105
1.5067
1.4945
1.5177
1.5195
1.5136
1.515
1.5189
1.5168
1.5064
1.5032
1.5178
1.5268
1.5462
1.5301
1.5229
1.5263
1.5164
1.5259
1.5425
1.549
1.5594
1.5599
1.5613
1.5689
1.5887
1.5953
1.5883
1.5897
1.5942
1.5892
1.5853
1.5659
1.5579
1.5592
1.5664
1.5586
1.5594
1.5602
1.5534
1.5512
1.5396
1.5458
1.5528
1.5529
1.5462
1.5348
1.5455
1.5401
1.5452
1.5393
1.5358
1.5471
1.5429
1.5358
1.5429
1.5539
1.5624
1.5625
1.5632
1.5546
1.5623
1.5665
1.5684
1.5826
1.5828
1.5802
1.5786
1.5716
1.5824
1.583
1.589
1.589
1.5878
1.596
1.5882
1.5809
1.5898
1.6011
1.5992
1.5876
1.5707
1.5849
1.5704
1.5682
1.5723
1.5845
1.5769
1.5946
1.6038
1.6036
1.6041
1.6081
1.6268
1.6182
1.6139
1.5985
1.6122
1.6123
1.6114
1.6053
1.5885
1.5907
1.6041
1.5979
1.5957
1.5775
1.5772
1.5761
1.5592
1.5573
1.5562
1.5623
1.56
1.5778
1.5715
1.5759
1.5804
1.5771
1.5802
1.5862
1.5775
1.5544
1.5632
1.5533
1.5513
1.547
1.5386
1.5428
1.5444
1.5421
1.5368
1.55
1.5426
1.5612
1.5489
1.5587
1.5515
1.5473
1.5548
1.5573
1.5599
1.5766
1.5838
1.587
1.5888
1.5963
1.5996
1.5897
1.6
1.5988
1.5817
1.5935
1.5929
1.586
1.6014
1.6142
1.6192
1.6136
1.6111
1.611
1.6069
1.6102
1.6098
1.6007
1.6039
1.6126
1.6095
1.6174
1.6253
1.6226
1.6136
1.6211
1.6138
1.6118
1.6257
1.6267
1.6325
1.6277
1.6269
1.6201
1.616
1.6203
1.6061
1.6082
1.6172
1.6078
1.6024
1.6136
1.6234
1.6311
1.6364
1.6235
1.6122
1.6042
1.5992
1.6011
1.6072
1.6028
1.6111
1.6132
1.6296
1.6332
1.6323
1.6383
1.6346
1.6258
1.6269
1.6352
1.6328
1.6267
1.6315
1.6409
1.6523
1.6509
1.6498
1.6482
1.6627
1.6632
1.6707
1.6655
1.6487
1.6488
1.6389
1.6367
1.6404
1.6366
1.6345
1.6291
1.6197
1.6192
1.6252
1.6168
1.6237
1.6229
1.6123
1.6181
1.6274
1.6405
1.651
1.6475
1.6448
1.6334
1.6371
1.6426
1.6357
1.6447
1.6404
1.6366
1.6227
1.6377
1.6371
1.6194
1.6158
1.6194
1.6202
1.6245
1.6071
1.6006
1.5959
1.599
1.6001
1.6062
1.6053
1.6074
1.6084
1.6061
1.6004
1.5974
1.6059
1.5907
1.5913
1.6107
1.614
1.6136
1.6058
1.6123
1.6154
1.6331
1.63
1.6277
1.6405
1.6331
1.6374
1.6426
1.6296
1.6298
1.6427
1.6258
1.6391
1.6318
1.6316
1.6134
1.6239
1.6278
1.639
1.6456
1.6543
1.6516
1.6465
1.6453
1.6495
1.6374
1.6281
1.6368
1.6408
1.6299
1.625
1.6179
1.6217
1.6118
1.5942
1.5991
1.5958
1.5883
1.5862
1.5779
1.5768
1.58
1.5791
1.5705
1.5737
1.55
1.5343
1.5449
1.5565
1.5634
1.5575
1.5628
1.5584
1.5432
1.5488
1.546
1.5445
1.5562
1.5668
1.5577
1.5752
1.5766
1.582
1.5744
1.5713
1.5774
1.5791
1.5953
1.5998
1.6001
1.5975
1.6099
1.613
1.6087
1.5949
1.5949
1.6041
1.6033
1.6057
1.6089
1.5917
1.5935
1.6065
1.591
1.5822
1.5732
1.5755
1.5806
1.5642
1.5634
1.5525
1.5496
1.5439
1.551
1.5597
1.5704
1.569
1.5597
1.5648
1.56
1.571
1.5629
1.5671
1.5584
1.5479
1.5466
1.5514
1.5545
1.5499
1.5663
1.5676
1.5679
1.5588
1.5631
1.5671
1.5459
1.5416
1.5543
1.5514
1.5649
1.562
1.5495
1.5426
1.5458
1.5484
1.5329
1.5333
1.5318
1.5325
1.5335
1.5438
1.5488
1.5576
1.5567
1.5626
1.5658
1.569
1.5729
1.571
1.576
1.5834
1.5806
1.5815
1.5821
1.5896
1.5818
1.5818
1.5755
1.5767
1.5692
1.5693
1.58
1.5827
1.5851
1.5778
1.5669
1.5745
1.5875
1.5824
1.5901
1.5917
1.5957
1.5835
1.5865
1.5717
1.5742
1.5831
1.5674
1.5641
1.5705
1.5675
1.5711
1.5844
1.5894
1.5863
1.5873
1.5821
1.5869
1.5971
1.5951
1.5889
1.5958
1.6008
1.6024
1.5913
1.589
1.5828
1.5871
1.5892
1.5862
1.5907
1.596
1.5847
1.59
1.5924
1.6023
1.6052
1.6122
1.6132
1.6144
1.6163
1.6186
1.6265
1.6234
1.6221
1.62
1.6178
1.6151
1.619
1.6158
1.6128
1.6146
1.6069
1.6092
1.5993
1.591
1.5797
1.5817
1.5835
1.5762
1.5692
1.5671
1.5666
1.5682
1.5641
1.5478
1.5405
1.5363
1.5384
1.5383
1.5497
1.5528
1.5474
1.5486
1.557
1.5505
1.5563
1.5715
1.5666
1.5725
1.5718
1.5592
1.5588
1.5574
1.5642
1.5568
1.5519
1.5707
1.5691
1.5689
1.5589
1.5525
1.5495
1.5527
1.552
1.5501
1.5428
1.5575
1.5637
1.5654
1.5653
1.5725
1.5623
1.5507
1.5506
1.5498
1.5687
1.5748
1.571
1.5678
1.5536
1.5515
1.564
1.5603
1.5621
1.5656
1.5638
1.569
1.5684
1.5677
1.5683
1.5733
1.5697
1.5712
1.5787
1.5881
1.5861
1.581
1.5794
1.5819
1.5833
1.5785
1.5866
1.5886
1.587
1.5902
1.5932
1.601
1.599
1.607
1.6107
1.6155
1.6217
1.6251
1.6244
1.6222
1.6215
1.623
1.6219
1.6188
1.6165
1.6235
1.6167
1.613
1.6134
1.6076
1.6191
1.6136
1.6027
1.6003
1.6006
1.6045
1.6072
1.6071
1.6111
1.6149
1.6044
1.6004
1.6016
1.5953
1.6038
1.6118
1.6105
1.6033
1.6073
1.6129
1.613
1.6021
1.5979
1.5997
1.5985
1.5984
1.5896
1.5877
1.5871
1.5841
1.5867
1.5883
1.5909
1.5927
1.5952
1.5937
1.6028
1.6027
1.6022
1.6014
1.6041
1.6013
1.6091
1.6101
1.6097
1.6051
1.6039
1.6075
1.6115
1.6149
1.6112
1.6174
1.6204
1.6252
1.6247
1.6279
1.6172
1.6123
1.6125
1.6138
1.61
1.6153
1.6255
1.6249
1.6255
1.6107
1.6069
1.6116
1.6056
1.6023
1.6168
1.6132
1.6078
1.6065
1.6007
1.5993
1.587
1.583
1.5839
1.5845
1.5791
1.5799
1.5695
1.5763
1.5801
1.5857
1.5693
1.576
1.5659
1.5662
1.5716
1.5801
1.5659
1.5663
1.5542
1.5494
1.5518
1.5465
1.5425
1.5234
1.5254
1.5163
1.5163
1.5125
1.5159
1.5163
1.5038
1.5115
1.5127
1.5018
1.5014
1.4925
1.4915
1.4903
1.4923
1.5083
1.5114
1.5107
1.5099
1.51
1.5173
1.523
1.5175
1.5159
1.513
1.5193
1.5198
1.5229
1.5104
1.513
1.5235
1.5336
1.5256
1.5323
1.5333
1.5386
1.5343
1.5285
1.5362
1.5238
1.5279
1.5231
1.529
1.524
1.5267
1.5434
1.5473
1.55
1.5532
1.5555
1.5535
1.5574
1.5539
1.5484
1.5534
1.5449
1.5358
1.5299
1.5209
1.5234
1.527
1.5169
1.5255
1.5154
1.505
1.5107
1.5127
1.5099
1.504
1.5131
1.5232
1.5198
1.5322
1.5312
1.5406
1.56
1.5558
1.5572
1.5646
1.568
1.572
1.5707
1.5721
1.5642
1.5484
1.5509
1.5419
1.5434
1.5422
1.5314
1.5259
1.5213
1.5217
1.5156
1.5283
1.5072
1.489
1.495
1.4867
1.5015
1.5184
1.5107
1.51
1.516
1.5212
1.5227
1.5267
1.536
1.5368
1.5315
1.539
1.5382
1.5339
1.5238
1.5207
1.512
1.5294
1.5356
1.5349
1.5489
1.5539
1.5498
1.5461
1.5449
1.55
1.5644
1.5629
1.5648
1.5668
1.5665
1.5588
1.5569
1.5576
1.5547
1.5526
1.5504
1.5504
1.5544
1.5558
1.5626
1.559
1.5633
1.5696
1.5734
1.5818
1.5805
1.5876
1.5896
1.5904
1.6146
1.6032
1.6006
1.6042
1.6004
1.6081
1.6041
1.6139
1.6186
1.6195
1.6223
1.6156
1.601
1.6097
1.6084
1.5954
1.5968
1.5957
1.5983
1.5998
1.5951
1.6165
1.6167
1.6147
1.6236
1.6164
1.6202
1.6165
1.6142
1.6047
1.6039
1.604
1.5926
1.5968
1.6046
1.6081
1.6097
1.6017
1.5989
1.5905
1.6057
1.6066
1.6118
1.6109
1.612
1.6105
1.6199
1.6226
1.6155
1.6216
1.6287
1.6343
1.6368
1.6356
1.6391
1.6384
1.6333
1.6349
1.643
1.6445
1.6374
1.635
1.63
1.6297
1.6264
1.6391
1.637
1.6336
1.6356
1.6368
1.6351
1.6411
1.6483
1.6501
1.6557
1.6566
1.6453
1.6418
1.6406
1.6402
1.6448
1.6481
1.6483
1.6383
1.644
1.6371
1.6354
1.6424
1.6429
1.6477
1.6575
1.6637
1.6482
1.6585
1.6579
1.6563
1.6485
1.6439
1.6305
1.6325
1.6309
1.6322
1.6411
1.6403
1.645
1.6596
1.6659
1.6747
1.6714
1.6684
1.668
1.6651
1.6616
1.6656
1.6681
1.6671
1.6688
1.6745
1.6667
1.6664
1.6722
1.674
1.6713
1.6645
1.6617
1.6619
1.6624
1.6647
1.6637
1.6593
1.6541
1.6504
1.6486
1.6498
1.6529
1.6583
1.6611
1.6638
1.6662
1.663
1.6626
1.6598
1.6575
1.6608
1.6747
1.6793
1.6785
1.6733
1.6729
1.673
1.6797
1.6794
1.6794
1.6792
1.6824
1.6782
1.6802
1.6803
1.6807
1.6827
1.6873
1.6893
1.687
1.6866
1.6975
1.6952
1.6932
1.6851
1.6868
1.6826
1.6767
1.679
1.6811
1.6814
1.6838
1.69
1.687
1.6832
1.6843
1.681
1.6711
1.6717
1.6755
1.6746
1.6749
1.6737
1.682
1.6802
1.6803
1.6756
1.6788
1.6929
1.6968
1.6984
1.6965
1.6994
1.7039
1.7013
1.7027
1.6986
1.6983
1.7027
1.7035
1.7106
1.715
1.7166
1.7155
1.716
1.7128
1.7131
1.7158
1.7132
1.7116
1.7084
1.7143
1.7137
1.7101
1.7088
1.7076
1.7065
1.7044
1.6986
1.6975
1.6983
1.6944
1.6913
1.6886
1.6821
1.6863
1.6886
1.6853
1.6833
1.6773
1.6787
1.6812
1.6688
1.6686
1.6693
1.6728
1.6617
1.6595
1.658
1.6572
1.6579
1.654
1.6576
1.6586
1.6598
1.6608
1.647
1.6461
1.6331
1.6327
1.6104
1.6106
1.6211
1.6255
1.6268
1.6233
1.6277
1.6276
1.6396
1.6288
1.6361
1.6388
1.634
1.6318
1.625
1.6241
1.6213
1.6186
1.6145
1.5973
1.6084
1.6096
1.6169
1.6117
1.6076
1.6085
1.5904
1.602
1.6087
1.6093
1.6165
1.6113
1.605
1.603
1.609
1.612
1.613
1.6012
1.6002
1.5995
1.5972
1.6003
1.5976
1.5832
1.5869
1.5842
1.5919
1.5779
1.5711
1.5669
1.5641
1.5633
1.5682
1.5692
1.5656
1.5706
1.5708
1.5792
1.5736
1.5645
1.573
1.5637
1.5686
1.5673
1.558
1.5653
1.5668
1.5715
1.5732
1.5716
1.5638
1.575
1.5575
1.567
1.5626
1.559
1.5522
1.5558
1.5559
1.5558
1.5517
1.5562
1.5577
1.5586
1.5328
1.525
1.5151
1.511
1.509
1.516
1.5171
1.516
1.5234
1.5183
1.515
1.5113
1.5145
1.5142
1.501
1.4989
1.5078
1.5197
1.5139
1.5067
1.506
1.5039
1.5166
1.5182
1.5328
1.5243
1.5215
1.5254
1.5238
1.5384
1.5395
1.5363
1.5354
1.5436
1.5414
1.5399
1.5457
1.5454
1.5528
1.5407
1.5438
1.5366
1.5361
1.5265
1.524
1.5037
1.5128
1.507
1.493
1.4883
1.4744
1.4829
1.4749
1.4978
1.4753
1.4949
1.4952
1.4851
1.488
1.4849
1.4879
1.481
1.4818
1.4823
1.4829
1.492
1.488
1.4808
1.4866
1.4713
1.4632
1.4676
1.4782
1.4842
1.4934
1.4962
1.4907
1.4926
1.5037
1.5057
1.5188
1.5238
1.5339
1.5438
1.5351
1.5148
1.512
1.5182
1.5246
1.5245
1.5455
1.5586
1.5671
1.5745
1.5776
1.5727
1.5653
1.5513
1.5536
1.5662
1.549
1.547
1.5385
1.5354
1.5316
1.5291
1.5201
1.5343
1.5341
1.5364
1.527
1.5349
1.5385
1.553
1.5517
1.5561
1.5601
1.5648
1.5833
1.588
1.5883
1.5824
1.5729
1.5706
1.5747
1.5746
1.5738
1.5712
1.5617
1.5609
1.557
1.5605
1.5462
1.5361
1.538
1.5517
1.5487
1.5636
1.5639
1.5609
1.56
1.5564
1.5557
1.5613
1.5514
1.5508
1.5559
1.5613
1.5602
1.5602
1.5622
1.5587
1.5564
1.5603
1.5512
1.5491
1.5592
1.5572
1.5613
1.5611
1.5642
1.5586
1.5661
1.568
1.569
1.5694
1.5776
1.5687
1.5463
1.5403
1.5391
1.5345
1.5304
1.5299
1.5258
1.517
1.5277
1.5396
1.5368
1.5445
1.5429
1.5427
1.5344
1.5493
1.5591
1.5536
1.5507
1.5365
1.5245
1.5242
1.518
1.5174
1.5151
1.5128
1.5131
1.5185
1.5146
1.5227
1.5319
1.5348
1.5322
1.5348
1.5248
1.5477
1.5459
1.5438
1.5465
1.5444
1.5417
1.5394
1.5314
1.5352
1.53
1.5263
1.531
1.5428
1.5417
1.5421
1.5386
1.5208
1.5053
1.5115
1.5119
1.5213
1.5233
1.5237
1.5203
1.5213
1.5237
1.5291
1.5191
1.5124
1.5084
1.5129
1.5102
1.5036
1.5056
1.5082
1.4951
1.5144
1.5112
1.5055
1.5008
1.5181
1.516
1.5213
1.5142
1.5039
1.5004
1.4901
1.4895
1.4885
1.4828
1.4871
1.491
1.4913
1.488
1.4817
1.4816
1.4736
1.4746
1.4716
1.4675
1.463
1.4618
1.4517
1.4543
1.4448
1.4407
1.4413
1.4258
1.4243
1.4158
1.4192
1.4221
1.4265
1.4249
1.435
1.4234
1.4362
1.4244
1.4433
1.441
1.4603
1.4589
1.4503
1.4433
1.4472
1.4522
1.4477
1.4503
1.4435
1.4306
1.4294
1.4337
1.4406
1.415
1.4022
1.3927
1.3962
1.3871
1.3917
1.3952
1.4078
1.4178
1.4229
1.4265
1.4215
1.4217
1.4281
1.4382
1.4302
1.4151
1.4259
1.4482
1.4476
1.4369
1.4208
1.4117
1.4153
1.4132
1.4254
1.4384
1.4378
1.436
1.4227
1.4264
1.4161
1.4123
1.4056
1.4128
1.4239
1.4275
1.4204
1.4155
1.4202
1.4278
1.4398
1.4332
1.4323
1.4403
1.4482
1.4582
1.4543
1.4609
1.4612
1.4673
1.4535
1.4496
1.4485
1.4427
1.4407
1.4442
1.4448
1.4451
1.4365
1.4402
1.4463
1.4599
1.4611
1.4502
1.4484
1.4636
1.4697
1.467
1.4623
1.464
1.4483
1.4416
1.4423
1.4518
1.4442
1.4545
1.4504
1.4458
1.4257
1.427
1.4114
1.4204
1.4203
1.4358
1.4698
1.4652
1.4707
1.4877
1.3679
1.3225
1.3344
1.3429
1.3311
1.3267
1.3287
1.3022
1.2931
1.2908
1.2954
1.2998
1.3247
1.3147
1.3343
1.3192
1.3255
1.3111
1.3208
1.3233
1.3109
1.314
1.313
1.3223
1.3164
1.323
1.3179
1.3357
1.3325
1.3107
1.3073
1.304
1.3003
1.301
1.2956
1.292
1.288
1.3046
1.3042
1.3168
1.3075
1.3137
1.3198
1.3232
1.3192
1.3137
1.3106
1.308
1.3138
1.3268
1.3294
1.3304
1.344
1.3341
1.3295
1.3267
1.3337
1.3193
1.3235
1.3239
1.3002
1.303
1.2988
1.3032
1.3078
1.2966
1.2975
1.3023
1.3019
1.2968
1.2972
1.2842
1.2728
1.2749
1.2616
1.2434
1.2362
1.2123
1.2204
1.2254
1.2191
1.2183
1.2298
1.2285
1.2254
1.2234
1.2238
1.2188
1.2247
1.2164
1.2185
1.2242
1.2243
1.2304
1.2461
1.2517
1.2396
1.2379
1.2406
1.2555
1.2596
1.249
1.2457
1.2443
1.2417
1.2342
1.2494
1.2423
1.2443
1.2451
1.2477
1.2416
1.2493
1.2506
1.2591
1.2729
1.2732
1.2678
1.2626
1.2586
1.2572
1.2679
1.2658
1.2564
1.2418
1.2496
1.2395
1.2368
1.2353
1.2283
1.2282
1.2282
1.2271
1.2226
1.2261
1.234
1.2278
1.2237
1.2323
1.2419
1.2287
1.2163
1.2177
1.2213
1.2162
1.2182
1.2047
1.2414
1.2261
1.2342
1.2375
1.2535
1.252
1.2634
1.2597
1.2555
1.2486
1.2579
1.2659
1.2527
1.2484
1.2469
1.2509
1.2541
1.2497
1.2491
1.2526
1.2468
1.2461
1.2489
1.2412
1.2463
1.2473
1.245
1.2556
1.2462
1.2442
1.238
1.2293
1.2267
1.2291
1.2236
1.22
1.2168
1.2165
1.2167
1.2219
1.2153
1.2291
1.236
1.2396
1.2358
1.2478
1.2485
1.2521
1.2473
1.2559
1.245
1.2434
1.2468
1.255
1.2486
1.244
1.2483
1.247
1.2371
1.2415
1.2491
1.254
1.2503
1.2523
1.2565
1.2841
1.2777
1.2813
1.2817
1.2796
1.2842
1.2848
1.2904
1.2951
1.2886
1.2939
1.2867
1.2923
1.2982
1.294
1.2934
1.2938
1.2886
1.289
1.2896
1.2917
1.297
1.2938
1.3036
1.3
1.2961
1.2972
1.2942
1.2804
1.284
1.2859
1.289
1.2882
1.2888
1.2904
1.2911
1.296
1.2956
1.2746
1.2659
1.2754
1.2751
1.2758
1.2783
1.2737
1.2629
1.2671
1.2682
1.2718
1.2723
1.2814
1.2926
1.3007
1.3025
1.294
1.292
1.2934
1.2971
1.289
1.2881
1.2848
1.2885
1.2939
1.3098
1.3055
1.304
1.3022
1.2973
1.2997
1.3028
1.3025
1.3122
1.3066
1.3136
1.3215
1.3203
1.3223
1.3138
1.304
1.3035
1.2992
1.3004
1.2977
1.3014
1.2964
1.2869
1.2891
1.2868
1.287
1.29
1.2824
1.28
1.2801
1.2882
1.2933
1.2918
1.2925
1.293
1.2951
1.2931
1.3033
1.3043
1.3101
1.32
1.3163
1.3283
1.3211
1.3399
1.3594
1.3495
1.3503
1.3495
1.358
1.3504
1.3466
1.3458
1.3387
1.3442
1.3398
1.3276
1.3237
1.3248
1.3119
1.3066
1.3142
1.3203
1.3223
1.3262
1.3285
1.3251
1.319
1.3205
1.3159
1.319
1.3198
1.3134
1.3262
1.3161
1.3128
1.3208
1.3283
1.3245
1.3059
1.3077
1.3171
1.3166
1.3116
1.3145
1.3196
1.3116
1.3165
1.3171
1.3195
1.3215
1.3235
1.3239
1.3325
1.3309
1.3337
1.3318
1.3339
1.3409
1.3525
1.3477
1.348
1.3443
1.3393
1.3474
1.339
1.3341
1.3318
1.342
1.3431
1.332
1.3383
1.3385
1.3376
1.3386
1.3363
1.3371
1.3374
1.34
1.3443
1.3513
1.3503
1.359
1.3516
1.3551
1.3571
1.3568
1.354
1.3507
1.3538
1.3728
1.3792
1.3792
1.3831
1.3894
1.3858
1.3987
1.4
1.4242
1.4142
1.416
1.4074
1.4147
1.4191
1.4264
1.4118
1.3959
1.3949
1.3881
1.3913
1.3827
1.3838
1.3894
1.3999
1.4099
1.4026
1.4
1.3996
1.3918
1.3956
1.3971
1.3968
1.3909
1.376
1.3776
1.3802
1.3849
1.3888
1.3896
1.3811
1.385
1.3906
1.3962
1.3962
1.3937
1.3942
1.4024
1.3998
1.4141
1.4096
1.4132
1.4229
1.4157
1.4077
1.4018
1.4015
1.4044
1.4057
1.4079
1.4003
1.4092
1.4131
1.4176
1.4177
1.4228
1.4238
1.4339
1.4288
1.4203
1.4087
1.4
1.394
1.3978
1.3932
1.3919
1.3781
1.3763
1.3614
1.3576
1.3575
1.3531
1.3557
1.3547
1.3547
1.3519
1.3542
1.3556
1.3502
1.3486
1.3516
1.3469
